1			10
1,2			10
1,2,3			10
1,2,3,4			10
1,2,3,4,5			10
1,2,3,4,5,6		10
1,2,3,4,5,6,7		10
1,2,3,4,5,6,7,8		10
1,2,3,4,5,6,7,8,9		10
1,2,3,4,5,6,7,8,9,100		10



1			20
1,2			20
1,2,3			20
1,2,3,4			20
1,2,3,4,5			20
1,2,3,4,5,6		20
1,2,3,4,5,6,7		20
1,2,3,4,5,6,7,8		20
1,2,3,4,5,6,7,8,9		20
1,2,3,4,5,6,7,8,9,200		20



999 	:	1,2,3,4,5,6,7,8,9		10
1000 	:	1,2,3,4,5,6,7,8,9		20

총 interaction = 1000개
interaction 500개로 가정하고 2배 하면됨

[기대되는 추천 Case]
(10대는 100 추천, 20대는 200 추천)
when (USER_ID = 999), then (ITEM_ID = 100)
when (USER_ID = 1000), then (ITEM_ID = 200)